Cost: 1  2  3  4  5  6  7  8  9  10  11  12  13  14  15  16  17  18  19  20  
Total nodes: 8  18  19  39  69  199  245  371  583  753  1410  2156  4335  5837  9704  12606  29093  35195  56333  74590  
Time(s): 0.00010600  0.00024300  0.00022400  0.00053500  0.00096200  0.00358300  0.00173000  0.00294700  0.00384400  0.00616800  0.01143400  0.01846900  0.03998700  0.07060200  0.10937400  0.12754001  0.33500499  0.46469200  0.73908103  0.94806600  
