Cost: 1  2  3  4  5  6  7  8  9  10  11  12  13  14  15  16  17  18  19  20  
Total nodes: 8  19  22  39  69  200  245  374  583  753  1413  2156  4335  5837  9704  12609  29093  35195  56333  74593  
Time(s): 0.00011900  0.00012900  0.00013000  0.00024100  0.00043100  0.00175300  0.00187200  0.00103900  0.00191200  0.00206000  0.00439500  0.00655700  0.01365600  0.02203300  0.04132300  0.05361800  0.11690700  0.15714000  0.30297700  0.34757400  
