Cost: 29  30  29  30  29  30  29  30  29  30  29  30  29  30  29  30  29  30  29  30  
Total nodes: 43  59  43  59  65  371  1342  321  582  464  846  1522  10230  4473  5963  1291  39825  31786  77869  168307  
Time(s): 0.00044300  0.00041700  0.00029900  0.00041700  0.00046700  0.00422100  0.00588000  0.00101300  0.00195700  0.00184600  0.00292700  0.00623400  0.04315800  0.02341000  0.02334000  0.00678400  0.19324100  0.14294200  0.37447801  0.85459203  
