Cost: 1  2  3  4  5  6  7  8  9  10  11  12  13  14  15  16  17  18  19  20  
Total nodes: 8  18  19  39  69  199  247  384  598  785  1502  2326  4743  6465  11048  14624  35730  43502  73667  100657  
Time(s): 0.00009500  0.00021500  0.00021300  0.00047700  0.00088300  0.00375100  0.00253500  0.00256300  0.00470300  0.00588600  0.01220600  0.01818800  0.04028800  0.06943800  0.10351100  0.15713499  0.44626999  0.47984499  0.87462002  1  
