Cost: 1  2  3  4  5  6  7  8  9  10  11  12  13  14  15  16  17  18  19  20  
Total nodes: 3  17  22  47  103  366  503  786  1235  1969  3501  5875  11739  16398  27395  32834  85995  112113  194807  272500  
Time(s): 0.00004400  0.00014900  0.00013700  0.00028400  0.00063700  0.00357300  0.00147400  0.00211400  0.00348300  0.00642100  0.01126100  0.01903900  0.04387600  0.07476000  0.10464300  0.14685600  0.35251799  0.51396000  0.98425698  1  
