Cost: 1  2  3  4  5  6  7  8  9  10  11  12  13  14  15  16  17  18  19  20  
Total nodes: 8  14  19  42  64  177  206  341  761  968  1979  1930  3652  7344  11595  18161  26895  34636  60259  70232  
Time(s): 0.00011300  0.00015000  0.00024500  0.00057700  0.00080600  0.00334700  0.00241500  0.00226100  0.00651000  0.00724700  0.01685800  0.01517300  0.03221100  0.08434100  0.12472100  0.22459100  0.32872200  0.38697600  0.83458298  0.91095102  
